Anomalies_Only:
  aupr: 0.28034361896981813
  auroc: 0.9622678285928588
  f1_score: 0.3859649122807017
  fpr95: 0.18803663423010875
  ppv: 0.01489416956573772
  specificity: 0.7704135661133371
Detection_Results_by_Anomaly_Size:
  big:
    aupr: 0.28034361896981813
    auroc: 0.9622678285928588
    f1_score: 0.3859649122807017
    fpr95: 0.18803663423010875
    ppv: 0.01489416956573772
    specificity: 0.7704135661133371
Normality_Included:
  aupr: 0.2778763649127493
  auroc: 0.9614215619462996
  f1_score: 0.3508771929824561
  fpr95: 0.1994729907773386
  ppv: 0.01403314304735492
  specificity: 0.7630368906455863
